100 99
101 7
102 31 2
103 43
104 29
105 5
106 0
10 70
107 7
108 79
109 7
110 97
111 7
112 35 2
113 48
114 5
115 0
116 7
11 68
117 103
118 7
119 100
120 7
121 27 1
122 20
123 5
124 0
125 7
126 79
12 75
127 7
128 97
129 7
1 3
130 32 1
131 41
132 5
133 0
134 7
135 83
136 7
13 70
137 101
138 7
139 36 1
140 45
141 5
142 0
14 33
143 7
144 78
145 7
146 96
147 7
148 31 1
149 40
150 5
151 0
152 7
15 3
153 69
154 7
155 54 4
156 25
157 40
158 37
159 35
160 33
16 11
161 45
162 9
163 5
164 0
165 22
166 36
167 5
168 0
169 13 3
17 0
170 30
171 106
172 23
173 47
174 27
175 64
176 24
177 30
178 5
179 0
180 13 3
181 27
182 40
18 3
183 23
184 53
185 27
186 57
187 20
188 5
189 0
190 13 9
191 39
192 24
193 25
194 24
195 24
196 41
19 71
197 25
198 61
199 48
200 25
201 70
202 25
20 3
203 82
204 25
205 20
206 5
207 1
21 36
22 0
2 31
23 28
24 38
25 26
26 0
27 112
28 0
29 7
30 105
31 6
32 15
3 3
33 67
34 64
35 7
36 57 1
37 57
38 5
39 0
40 7
41 111
42 6
43 15
44 59
45 65
4 66
46 7
47 66 1
48 58
49 5
50 0
51 7
52 86
53 6
54 69
55 7
56 34 1
5 67
57 59
58 46
59 5
60 0
61 7
62 86
63 6
6 42
64 37
65 18
66 69
67 7
68 34 1
69 72
70 46
71 5
72 0
7 3
73 59 1
74 27
75 27
76 25
77 5
78 0
79 7
80 75
81 7
82 72
83 7
84 37 1
8 45
85 25
86 5
87 0
88 7
89 69
90 7
91 66
92 7
9 3
93 25 1
94 21
95 5
96 0
97 7
98 74
99 7
